0 0.313281 0.213426 0.030729 0.054630
0 0.177344 0.654167 0.035937 0.063889
0 0.087240 0.318981 0.027604 0.049074
0 0.723698 0.470833 0.034896 0.062037
0 0.187760 0.179167 0.031771 0.056481
0 0.838802 0.033796 0.019271 0.034259
0 0.180208 0.292593 0.022917 0.040741
0 0.577865 0.413426 0.032813 0.058333
0 0.942969 0.131019 0.023438 0.041667
0 0.891927 0.057870 0.033854 0.060185
0 0.361198 0.927315 0.021354 0.037963
0 0.286719 0.863426 0.020313 0.036111
0 0.266667 0.331481 0.034375 0.061111
0 0.580990 0.973611 0.021354 0.037963
0 0.839844 0.442130 0.024479 0.043519