0 0.909896 0.701852 0.021875 0.038889
0 0.348698 0.152315 0.019271 0.034259
0 0.870052 0.829167 0.025521 0.045370
0 0.359896 0.532407 0.019792 0.035185
0 0.904687 0.245370 0.017708 0.031481
0 0.380729 0.428704 0.017708 0.031481
0 0.803385 0.297685 0.030729 0.052778
0 0.080208 0.118519 0.028125 0.050000
0 0.145833 0.821296 0.034375 0.061111
0 0.330469 0.886574 0.024479 0.043519
0 0.355208 0.818519 0.018750 0.033333
0 0.213802 0.855093 0.026562 0.047222
0 0.710938 0.322222 0.033333 0.059259
0 0.427604 0.292593 0.034375 0.061111
0 0.016146 0.544444 0.021875 0.038889