0 0.187240 0.216204 0.016146 0.028704
0 0.591927 0.307870 0.016146 0.028704
0 0.577865 0.670833 0.023438 0.041667
0 0.911198 0.432870 0.030729 0.054630
0 0.663281 0.704167 0.028646 0.050926
0 0.466927 0.238426 0.018229 0.032407
0 0.020833 0.396296 0.021875 0.038889
0 0.734896 0.432407 0.016667 0.029630
0 0.853385 0.367130 0.021354 0.037963
0 0.330729 0.437037 0.025000 0.044444
0 0.852865 0.021759 0.019271 0.034259
0 0.359375 0.872222 0.015625 0.027778
0 0.568229 0.253704 0.016667 0.029630
0 0.385677 0.180093 0.023438 0.041667
0 0.510677 0.587500 0.026562 0.047222