0 0.019271 0.762963 0.031250 0.055556
0 0.974479 0.299074 0.028125 0.050000
0 0.043750 0.400000 0.025000 0.044444
0 0.730208 0.282407 0.018750 0.033333
0 0.346875 0.865741 0.029167 0.051852
0 0.191927 0.772685 0.030729 0.054630
0 0.903385 0.859722 0.031771 0.056481
0 0.376563 0.185185 0.016667 0.029630
0 0.931771 0.429630 0.035417 0.062963
0 0.677604 0.738889 0.016667 0.029630
0 0.405469 0.280093 0.035937 0.063889
0 0.886719 0.363426 0.021354 0.037963
0 0.269792 0.594444 0.029167 0.051852
0 0.332292 0.187963 0.035417 0.062963