0 0.633333 0.634259 0.035417 0.062963
0 0.421094 0.304167 0.034896 0.062037
0 0.376042 0.949074 0.030208 0.053704
0 0.757292 0.405556 0.028125 0.050000
0 0.060937 0.460185 0.027083 0.048148
0 0.217708 0.649074 0.020833 0.037037
0 0.447656 0.875463 0.028646 0.050926
0 0.558594 0.274537 0.024479 0.043519
0 0.194792 0.377778 0.032292 0.057407
0 0.734115 0.634722 0.035937 0.063889
0 0.242708 0.035185 0.033333 0.059259
0 0.695573 0.596759 0.023438 0.041667
0 0.545312 0.043519 0.015625 0.027778
0 0.104167 0.653704 0.021875 0.038889
0 0.578385 0.898611 0.026562 0.047222