0 0.314583 0.257407 0.029167 0.051852
0 0.101562 0.033333 0.017708 0.031481
0 0.410938 0.913889 0.015625 0.027778
0 0.295833 0.887037 0.015625 0.027778
0 0.176302 0.903241 0.032813 0.058333
0 0.483073 0.281944 0.029687 0.052778
0 0.517969 0.189352 0.030729 0.054630
0 0.714844 0.670833 0.017188 0.030556
0 0.238802 0.285648 0.025521 0.045370
0 0.716667 0.032407 0.028125 0.050000
0 0.520312 0.351852 0.020833 0.037037
0 0.855469 0.605093 0.026562 0.047222
0 0.651042 0.094444 0.031250 0.055556
0 0.050000 0.234259 0.031250 0.055556
0 0.366406 0.268056 0.033854 0.060185