0 0.315885 0.084722 0.019271 0.034259
0 0.936198 0.251389 0.022396 0.039815
0 0.226302 0.477315 0.026562 0.047222
0 0.149219 0.681019 0.020313 0.036111
0 0.940365 0.710648 0.027604 0.049074
0 0.325260 0.344907 0.018229 0.032407
0 0.124740 0.313426 0.033854 0.060185
0 0.943490 0.064352 0.026562 0.047222
0 0.955729 0.529630 0.023958 0.042593
0 0.641927 0.334722 0.027604 0.049074
0 0.691406 0.958796 0.021354 0.037963
0 0.415885 0.438426 0.027604 0.049074
0 0.670833 0.461111 0.028125 0.050000
0 0.454948 0.287500 0.021354 0.037963
0 0.742969 0.210648 0.023438 0.041667