0 0.465625 0.550000 0.031250 0.055556
0 0.974479 0.820370 0.017708 0.031481
0 0.094792 0.210185 0.022917 0.040741
0 0.807813 0.500926 0.030208 0.053704
0 0.938802 0.262500 0.034896 0.062037
0 0.527604 0.945370 0.027083 0.048148
0 0.671615 0.744907 0.031771 0.056481
0 0.607031 0.337500 0.026562 0.047222
0 0.425781 0.087500 0.034896 0.062037
0 0.427344 0.441204 0.029687 0.052778
0 0.753906 0.772685 0.026562 0.047222
0 0.748437 0.220370 0.033333 0.059259
0 0.031250 0.450000 0.019792 0.035185
0 0.371354 0.753704 0.030208 0.053704
0 0.092448 0.869907 0.035937 0.063889