0 0.803646 0.548148 0.021875 0.038889
0 0.890104 0.104630 0.018750 0.033333
0 0.522135 0.417130 0.027604 0.049074
0 0.392708 0.507407 0.021875 0.038889
0 0.843490 0.262500 0.035937 0.063889
0 0.697396 0.752778 0.029167 0.051852
0 0.370052 0.386574 0.025521 0.045370
0 0.605208 0.815741 0.033333 0.059259
0 0.503906 0.357870 0.031771 0.056481
0 0.231510 0.871759 0.031771 0.056481
0 0.238802 0.760648 0.026562 0.047222
0 0.069010 0.775463 0.019271 0.034259
0 0.443750 0.292593 0.022917 0.040741
0 0.617188 0.285185 0.023958 0.042593
0 0.983854 0.215741 0.021875 0.038889