0 0.602604 0.723148 0.023958 0.042593
0 0.900000 0.915741 0.017708 0.031481
0 0.293750 0.726852 0.035417 0.062963
0 0.342187 0.060185 0.022917 0.040741
0 0.950781 0.209722 0.019271 0.034259
0 0.647135 0.660648 0.031771 0.056481
0 0.464323 0.102315 0.033854 0.060185
0 0.633333 0.521296 0.029167 0.051852
0 0.171615 0.740278 0.035937 0.063889
0 0.380469 0.447685 0.025521 0.045370
0 0.353646 0.560185 0.030208 0.053704
0 0.428906 0.193981 0.024479 0.043519
0 0.210677 0.231019 0.019271 0.034259
0 0.469271 0.916667 0.028125 0.050000