0 0.654167 0.557407 0.030208 0.053704
0 0.566146 0.755556 0.023958 0.042593
0 0.217448 0.895833 0.035937 0.063889
0 0.309375 0.553704 0.029167 0.051852
0 0.395573 0.227315 0.026562 0.047222
0 0.105990 0.215278 0.031771 0.056481
0 0.305990 0.661574 0.025521 0.045370
0 0.873177 0.373611 0.026562 0.047222
0 0.526823 0.545833 0.033854 0.060185
0 0.094010 0.284722 0.023438 0.041667
0 0.107031 0.463426 0.033854 0.060185
0 0.394531 0.832870 0.028646 0.050926
0 0.486458 0.311111 0.036458 0.064815
0 0.573958 0.564815 0.028125 0.050000