0 0.616406 0.348611 0.035937 0.063889
0 0.788542 0.037037 0.027083 0.048148
0 0.061458 0.859259 0.022917 0.040741
0 0.382292 0.946296 0.030208 0.053704
0 0.826562 0.177778 0.036458 0.064815
0 0.713542 0.337963 0.030208 0.053704
0 0.325000 0.235185 0.031250 0.055556
0 0.276302 0.592130 0.023438 0.041667
0 0.654948 0.790278 0.024479 0.043519
0 0.565885 0.453241 0.031771 0.056481
0 0.363021 0.662963 0.034375 0.061111
0 0.749479 0.057407 0.029167 0.051852
0 0.378125 0.814815 0.020833 0.037037
0 0.959115 0.379167 0.029687 0.052778