0 0.401562 0.108333 0.023958 0.042593
0 0.399740 0.453241 0.034896 0.062037
0 0.799479 0.609259 0.020833 0.037037
0 0.163021 0.891667 0.023958 0.042593
0 0.696354 0.856481 0.028125 0.050000
0 0.684375 0.808333 0.025000 0.044444
0 0.011979 0.699074 0.017708 0.031481
0 0.637500 0.710185 0.019792 0.035185
0 0.506510 0.947685 0.022396 0.039815
0 0.900000 0.911111 0.030208 0.053704
0 0.169531 0.948611 0.031771 0.056481
0 0.194271 0.739815 0.023958 0.042593
0 0.305469 0.335648 0.019271 0.034259
0 0.785677 0.507870 0.021354 0.037963
0 0.116667 0.891667 0.017708 0.031481