0 0.338802 0.659722 0.032813 0.058333
0 0.397917 0.563889 0.015625 0.027778
0 0.762240 0.837500 0.035937 0.063889
0 0.529687 0.062037 0.032292 0.057407
0 0.660937 0.405556 0.025000 0.044444
0 0.610417 0.277778 0.030208 0.053704
0 0.019010 0.312500 0.030729 0.054630
0 0.300000 0.651852 0.034375 0.061111
0 0.959115 0.711574 0.028646 0.050926
0 0.126302 0.634722 0.034896 0.062037
0 0.146615 0.845833 0.024479 0.043519
0 0.264844 0.126389 0.029687 0.052778
0 0.047917 0.852778 0.033333 0.059259
0 0.082812 0.112037 0.019792 0.035185