0 0.213281 0.074537 0.024479 0.043519
0 0.023698 0.565278 0.028646 0.050926
0 0.046615 0.776389 0.019271 0.034259
0 0.735938 0.669444 0.030208 0.053704
0 0.613021 0.612963 0.035417 0.062963
0 0.852083 0.495370 0.017708 0.031481
0 0.086198 0.936574 0.030729 0.054630
0 0.469531 0.702315 0.024479 0.043519
0 0.089583 0.105556 0.021875 0.038889
0 0.888802 0.907870 0.016146 0.028704
0 0.423958 0.251852 0.032292 0.057407
0 0.483333 0.150926 0.030208 0.053704
0 0.659375 0.338889 0.029167 0.051852
0 0.383333 0.175000 0.017708 0.031481
0 0.175000 0.858333 0.023958 0.042593