0 0.135156 0.707870 0.034896 0.062037
0 0.222135 0.420833 0.030729 0.054630
0 0.395833 0.203704 0.035417 0.062963
0 0.615625 0.285185 0.022917 0.040741
0 0.280469 0.312500 0.029687 0.052778
0 0.551562 0.376852 0.023958 0.042593
0 0.741667 0.399074 0.026042 0.046296
0 0.424219 0.452315 0.016146 0.028704
0 0.769271 0.280556 0.035417 0.062963
0 0.469271 0.210185 0.034375 0.061111
0 0.236458 0.187037 0.020833 0.037037
0 0.062760 0.826389 0.026562 0.047222
0 0.655729 0.089815 0.016667 0.029630
0 0.958854 0.212037 0.029167 0.051852
0 0.557292 0.420370 0.020833 0.037037