0 0.019271 0.839815 0.032292 0.057407
0 0.093229 0.345370 0.035417 0.062963
0 0.282292 0.568519 0.032292 0.057407
0 0.061458 0.492593 0.017708 0.031481
0 0.945573 0.415278 0.026562 0.047222
0 0.632292 0.559259 0.015625 0.027778
0 0.486458 0.942593 0.036458 0.064815
0 0.587240 0.785648 0.020313 0.036111
0 0.414583 0.310185 0.031250 0.055556
0 0.382552 0.403241 0.017188 0.030556
0 0.323958 0.613889 0.018750 0.033333
0 0.072656 0.716204 0.031771 0.056481
0 0.326562 0.715741 0.017708 0.031481
0 0.027083 0.467593 0.019792 0.035185
0 0.814323 0.575463 0.034896 0.062037