0 0.274219 0.602315 0.019271 0.034259
0 0.858854 0.896296 0.033333 0.059259
0 0.079948 0.523611 0.023438 0.041667
0 0.186458 0.737963 0.034375 0.061111
0 0.245573 0.974537 0.022396 0.039815
0 0.633073 0.939352 0.017188 0.030556
0 0.495052 0.728241 0.030729 0.054630
0 0.615885 0.679167 0.029687 0.052778
0 0.987500 0.681481 0.015625 0.027778
0 0.709375 0.554630 0.028125 0.050000
0 0.943750 0.153704 0.028125 0.050000
0 0.088281 0.120833 0.021354 0.037963
0 0.022135 0.896759 0.032813 0.058333
0 0.464062 0.946296 0.023958 0.042593
0 0.403385 0.308796 0.032813 0.058333