0 0.098177 0.502315 0.031771 0.056481
0 0.715885 0.543056 0.017188 0.030556
0 0.257552 0.924537 0.020313 0.036111
0 0.113021 0.081481 0.035417 0.062963
0 0.295312 0.615741 0.032292 0.057407
0 0.507812 0.062037 0.017708 0.031481
0 0.220573 0.125463 0.020313 0.036111
0 0.194010 0.437500 0.027604 0.049074
0 0.211458 0.540741 0.031250 0.055556
0 0.785417 0.708333 0.016667 0.029630
0 0.288021 0.313889 0.020833 0.037037
0 0.384375 0.916667 0.033333 0.059259
0 0.430990 0.063426 0.022396 0.039815
0 0.329167 0.374074 0.015625 0.027778
0 0.246615 0.126389 0.028646 0.050926