0 0.689844 0.166204 0.019271 0.034259
0 0.170313 0.959259 0.023958 0.042593
0 0.529167 0.298148 0.035417 0.062963
0 0.729948 0.310648 0.027604 0.049074
0 0.905990 0.524537 0.023438 0.041667
0 0.548958 0.456481 0.015625 0.027778
0 0.610677 0.229167 0.020313 0.036111
0 0.129167 0.076852 0.030208 0.053704
0 0.089063 0.503704 0.017708 0.031481
0 0.291406 0.715278 0.017188 0.030556
0 0.815625 0.977778 0.019792 0.035185
0 0.603646 0.664815 0.023958 0.042593
0 0.392708 0.565741 0.027083 0.048148
0 0.512500 0.839815 0.034375 0.061111
0 0.829167 0.475000 0.034375 0.061111