0 0.758594 0.135648 0.024479 0.043519
0 0.870313 0.853704 0.017708 0.031481
0 0.376823 0.684722 0.033854 0.060185
0 0.544271 0.512037 0.027083 0.048148
0 0.170573 0.689352 0.023438 0.041667
0 0.368750 0.619444 0.020833 0.037037
0 0.306771 0.898148 0.035417 0.062963
0 0.866927 0.411574 0.019271 0.034259
0 0.837500 0.765741 0.030208 0.053704
0 0.694010 0.798611 0.021354 0.037963
0 0.923958 0.657407 0.025000 0.044444
0 0.174219 0.391204 0.016146 0.028704
0 0.572396 0.951852 0.035417 0.062963
0 0.153906 0.599537 0.022396 0.039815
0 0.687760 0.075463 0.035937 0.063889