0 0.771094 0.442130 0.028646 0.050926
0 0.388542 0.312963 0.018750 0.033333
0 0.074740 0.967130 0.016146 0.028704
0 0.262240 0.475463 0.032813 0.058333
0 0.289583 0.502778 0.020833 0.037037
0 0.204427 0.560648 0.030729 0.054630
0 0.214062 0.291667 0.028125 0.050000
0 0.685156 0.273611 0.022396 0.039815
0 0.645573 0.615278 0.020313 0.036111
0 0.831510 0.724537 0.031771 0.056481
0 0.299479 0.604630 0.032292 0.057407
0 0.208594 0.819907 0.033854 0.060185
0 0.533594 0.183796 0.022396 0.039815
0 0.348438 0.728704 0.033333 0.059259
0 0.513802 0.521759 0.022396 0.039815